99.26
78.18
75.16
80.35
90.93
82.07
72.59
99.26
76.72
68.28
89.54
93.68
97.11
89.29
89.9
69.48
98.88
80.48
89.79
74.31
61.21
69.14
76.32
59.14
76.43
95.93
64.66
96.19
95.17
77.41
94.42
95.19
74.83
57.76
58.1
71.71
81.78
96.07
97.81
96.47
93.73
84.74
89.94
96.44
76.41
94.16
95.02
92.45
91.1
51.03
69.31
92.15
98.09
93.53
95.11
98.88
97.64
92.92
70
98.03
68.12
77.16
94.22
68.22
89.12
65.86
68.28
92.19
73.45
70.52
87.7
97.06
95.56
89.84
93.84
60.17
93.25
90.21
98.88
89.66
79.66
97.26
94.05
79.62
89.95
96.11
69.83
80.67
94.68
90.55
90.26
96.24
98.36
90.1
88.94
77.59
82.64
53.79
94.13
97.48
76.21
85.88
96.01
79.9
91.35
53.16
75.17
96.96
82.9
90.15
70.62
97.86
85.33
64.66
75.17
91.45
56.9
97.12
69.83
68.45
61.21
95.92
95.95
94.8
75.73
95.39
77.59
96.27
88.23
75.34
60.34
98.3
94.06
91.68
92.94
97.94
97.03
96.09
92.57
97.6
90.9
96.35
78.45
89.47
89.83
52.91
89.17
79.31
97.92
93.68
69.31
75.9
92.57
70.82
97.77
84.35
93.68
70.23
90.37
89.55
76.03
72.41
76.21
94.8
95.02
73.28
75.34
98.22
81.72
70.69
62.07
68.86
74.48
74.92
96.7
97.43
95.81
60.99
96.89
84.75
75.34
81.38
84.34
77.76
94.63
73.45
78.1
96.59
90.33
90.33
96.37
88.46
87.57
76.21
80.18
89.63
97.28
67.59
80.17
95.01
63.07
90.33
90.63
83
71.72
84.24
89.1
80.34
98.98
61.34
70
77.07
85.14
86.36
98.13
94.72
59.48
91.13
74.31
96.21
99.26
82.24
96.48
64.14
91.33
95.79
98.23
68.97
93.39
68.55
74.48
75.8
97.47
97.79
94.16
94.91
92.46
82.24
55.17
95.69
93.68
97.65
95.35
96.42
80.1
78.74
70.17
91.92
79.81
98.38
94.75
96.09
71.19
75
72.55
85.52
96.45
53.45
84.48
90.53
68.45
70.69
95.86
77.93
96.35
98
66.38
89.82
74.48
94.65
94.11
78.53
96.75
90.69
93.15
89.67
87.01
92.19
88.15
97.29
92.57
96.91
97.75
78.44
66.72
86.5
76.21
59.48
86.83
97.27
86.12
76.34
79.48
88.62
78.62
98.14
66.02
68.45
66.21
84.15
62.07
81.41
77.93
82.76
69.31
98.79
90.86
82.46
96.03
93.61
58.78
72.93
95.35
78.15
83.62
96.01
84.78
87.32
73.28
51.21
63.05
92.46
91.97
75.09
74.14
92.28
60.34
83.92
97.86
96.67
96.65
75.34
90.15
78.79
74.29
93.53
89.63
82.02
77.93
61.55
84.83
74.83
76.72
95.24
93.68
76.21
91.9
79.66
55.17
72.86
91.43
96.99
94.83
60.97
94.91
94.05
98.33
90.96
71.09
88.71
67.93
78.17
93.61
97.03
90.52
76.38
77.24
94.02
63.09
86.59
80.86
78.28
95.35
83.94
64.66
94.15
69.31
90.33
97.23
89.61
78.79
91.49
87.73
54.83
57.05
92.38
96.41
82.45
89.87
82.24
94.65
94.58
83.45
95.56
80.69
96.93
89.88
93.54
82.39
61.38
86.27
84.94
97.31
69.31
82.07
88.49
59.83
93.5
95.99
78.92
93.63
56.9
91.5
73.28
98.51
95.57
92.35
96.71
94.43
76.55
98.39
75.31
94.19
84.66
85.35
52.73
68.92
97.98
79.98
89.73
98.82
84.27
98.41
93.75
87.06
88.24
80.34
77.07
69.31
65.52
54.48
72.41
87.46
95.94
66.16
98.14
84.83
96
95.84
79.66
81.03
94.48
86.45
76.72
72.41
82.76
64.83
82.98
81.38
78.62
62.24
65.86
95.53
94.82
91.26
67.24
89.56
84.83
92.99
75.52
98.26
61.19
53.79
74.31
88.49
98.04
51.72
58.93
67.59
88.88
88.17
87.44
95.63
78.09
71.03
65.52
92.36
60.34
94.58
64.14
77.48
52.93
71.02
91.33
85.52
93.94
59.83
95.7
77.07
79.31
98.06
91.82
82.41
75.34
54.83
93.35
77.76
96.61
88.63
72.59
66.72
83.27
88.63
87.18
87.69
98.31
76.21
51.21
94.55
82.76
86.56
65.09
92.76
95.38
61.95
77.93
79.66
98
76.9
98.62
98.46
70.52
83.51
97.06
75.17
95.04
50.9
89.04
95.27
91.45
92.89
94.33
60.34
94.74
80.34
97.93
89.59
73.79
73.45
69.72
93.73
93.63
90.13
62.93
70.69
91.52
97.8
63.28
79.93
92.07
83.71
97.72
97.1
79.66
66.63
97.53
69.66
94.31
96.03
97.77
88.85
77.59
85.16
93.03
96.68
94.87
67.87
59.66
82.23
96.63
93.18
67.59
97.22
72.59
97.14
90.96
94.09
96.86
70.86
78.62
84.83
99.13
70.34
90.29
91.42
96.65
97.03
95.05
66.38
92.28
96.24
94.48
90.37
98.37
95.37
60.83
72.76
89.98
72.76
94.13
96.66
94.51
90.93
79.31
88.38
73.26
90.46
86.95
76.03
92.9
90.71
89.92
83.33
90
69.75
90.6
72.59
59.31
88.66
62.07
92.54
67.59
91.67
81.44
89.31
95.51
88.65
77.59
96.38
90.85
77.93
89.53
97.7
98.01
84.43
97.17
91.2
95.44
55.86
89.24
96.01
75.89
71.71
86
94.81
70.69
64.48
78.62
75
97.72
77.42
86.88
96.18
98.49
79.66
98.51
84.1
97.64
58.1
87.64
69.66
96.43
97.5
83.53
94.39
93.7
83.99
97.03
81.03
60.69
98.04
88.53
95.26
81.05
96.29
88.22
81.69
88.08
80.89
84.86
84.73
92
98.88
78.93
60.69
68.8
97.94
81.47
72.76
93.38
73.28
97.31
79.56
79.66
89.14
90.84
99.24
97.16
77.55
93.35
97.07
77.93
98.12
62.41
97.34
86.98
91.62
97.77
92.28
78.1
97.77
73.1
82.9
81.9
87.89
82.07
76.03
71.08
90.38
65.17
96.23
63.62
69.66
95.82
81.23
79.02
91.56
85.4
81.21
77.59
78.62
92.86
76.21
80.34
65.52
79.66
95.91
66.15
65.86
92.31
72.34
85.98
55.17
89.81
93.35
96.03
96.64
72.76
78.62
70.69
89.21
94.17
98.09
71.55
96.34
76.48
94.08
90.33
63.59
96.56
97.49
73.45
79.66
84.56
85.86
91.82
73.33
67.41
90.19
90.6
99.21
93.39
83.79
79.66
81.44
85.56
97.55
82.07
92.77
95.15
72.13
79.18
91.88
93.71
93.01
61.03
71.55
66.72
91.31
90.74
97.36
92.88
97.41
95.08
82.03
76.21
92.74
84.28
69.83
57.24
71.19
76.21
57.24
94.8
88.19
73.62
68.1
88.12
82.76
98.22
72.76
90.58
71.93
96.5
76.21
85.06
85.13
91.08
95.79
90.42
95
57.76
98.14
58.97
84.39
89.47
95.86
95.24
88.06
98.49
61.19
88.73
85.02
99.07
97.77
75.17
65.52
91.45
77.93
76.9
95.35
77.07
93.4
71.03
58.1
62.07
94.61
81.52
77.93
94.49
71.55
84.01
72.59
97.46
79.83
95.7
93.33
90.71
92.23
78.23
93.11
68.97
73.62
96.28
92.15
76.21
75.86
80
85.86
97.85
98.41
77.76
78.28
92.38
94.81
84.48
58.97
95.94
58.26
58.97
53.45
86.67
98.24
96.64
93.68
97.15
88.73
73.1
80.97
96.95
98.49
94.34
67.59
94.36
96.8
91.59
98.01
96.51
98.88
77.76
90.3
90.52
85.31
94.52
92.64
67.92
71.55
81.03
98.24
56.19
96.34
97.8
91.02
67.87
63.13
72.41
98.41
75.62
53.78
94.92
97.5
92.46
79.31
95.12
97.1
60.16
64.66
83.07
76.21
80.33
81.01
95.02
89.22
95.61
95.22
69.31
89.62
56.9
94.89
95.23
76.03
65
96.12
90.78
80.17
82.43
87.84
92.19
91.33
97.51
72.41
97.51
75.86
85.27
76.24
92.19
94.33
96.34
95.13
87.33
94.55
95.86
75.52
94.89
96.84
96.96
71.72
80.34
97.87
97.58
70.69
94.7
85.36
79.66
71.46
76.21
78.4
93.78
88.72
95.94
87.84
72.41
95.1
78.62
92.95
69.31
95.36
92.37
73.96
90.89
97.3
68.28
91.79
65.86
60.52
83.18
50.19
86.59
98.04
80.95
92.25
91.97
93.38
98.14
97.8
77.93
68.21
87.96
61.88
70
97.04
66.38
81.38
83.01
95.32
73.78
95.52
56.9
98.14
87.03
63.1
96.65
91.85
87.54
80.58
92.57
95.25
98.51
94.05
96.53
75.4
60.69
76.9
83.85
79.48
96.56
93.61
93.53
93.87
98.51
98.41
85.38
64.14
98.86
78.73
77.07
95.21
89.9
74.48
91.76
98.88
91.77
90.93
91.32
94.57
86.95
88.94
86.8
63.79
85.7
84.84
94.8
98.85
84.47
64.14
87.59
89.47
88.91
95.91
76.19
88.4
95.52
97.4
95.99
96.36
92.05
73.14
86.25
97.01
97.81
71.9
92.7
98.88
61.55
69.83
80
99.26
64.66
59.83
86.74
90.74
97.9
68.1
90.23
92.25
89.75
96.38
96.39
77.93
68.97
98.02
69.14
91.02
93.03
93.97
96.3
82.46
85.61
97.77
52.76
98.02
95.54
77.07
89.34
59.66
91.34
99.26
97.54
97.75
97.03
67.24
79.43
91.08
96.35
96.18
59.66
67.59
72.41
91.84
82.19
90.16
91.25
90.76
72.12
97.58
66.21
77.93
91.15
83.68
57.24
98.48
83.79
90.65
70.52
89.96
84.87
51.38
82.29
96.4
95.78
96.64
67.59
93.08
93.53
58.94
94.5
98.04
79.98
89.31
82.23
94.54
95.77
68.97
85.12
75
69.98
70.52
68.7
85.05
82.76
76.9
76.17
82.76
77.63
93.46
71.72
98.26
76.03
95.63
54.14
95.47
72.64
99.15
97.42
80.34
68.11
64.45
72.92
93.72
98.88
93.54
75.52
94.44
98.88
82.4
93.31
93.66
68.23
59.5
97.04
91.08
92.45
93.64
72.41
70.69
69.31
74.48
93.18
97.95
70.69
93.31
71.55
95.81
72.24
79.92
77.76
74.37
95.24
98.47
98.14
96.64
93.58
64.14
67.41
65
78.62
96.39
80.77
97.01
75.86
81.38
83.11
97.65
82.07
89.32
83.37
97.34
84.39
80.03
95.76
88.78
76.55
81.03
62.41
84.66
97.03
95.48
79.58
70.8
95.02
88.26
85.25
85.2
93.87
97.21
58.1
73.79
86.4
63.79
92.69
88.85
85.35
81.89
90.71
74.14
89.56
85.4
93.12
71.9
99.26
74.14
75.86
92.19
78.62
91.29
71.9
86.27
52.07
62.93
80.34
94.78
90.69
82.3
94.2
75.86
89.91
99.26
86.22
94.61
98.33
63.97
81.9
82.07
86.78
73.1
82.7
84.29
93.35
91.76
91.45
91.82
77.98
71.03
65.86
83.16
94.79
97.03
90.86
77.93
76.21
83.72
81.85
94
95.04
94.89
97.52
97.12
98.88
83.41
77.59
72.76
90.59
64.31
51.72
89.98
96.54
98.02
67.24
98.88
70.34
62.93
60.5
94.51
82.1
95.39
95.17
83.22
88.86
70.69
76.55
75.34
93.39
97.8
97.89
75.34
52.66
77.41
53.45
73.45
76.21
77.93
81.38
91.15
72.41
93.78
85.89
69.31
65.08
91.51
85.76
92.88
92.47
70.69
93.13
93.29
95.43
77.91
64.14
78.55
64.83
98.86
75.34
95.74
61.36
84.85
68.45
68.1
82.07
92.36
93.23
96.28
95.19
87.93
87.07
92.64
93.31
95.97
97.4
94.05
79.66
95.54
76.9
93.52
93.31
85.65
87.23
96.59
96.71
73.97
93.49
91.56
52.59
88.17
95.61
93.74
82.37
83.42
90.59
65.52
96.04
79.31
68.28
89.2
77.52
72.41
76.21
89.33
91.82
92.19
94.68
75.93
91.91
90.79
96.22
82.14
96.41
83.1
64.83
97.52
92.94
93.28
70.69
69.04
90.24
77.93
80.34
77.96
83.1
91.08
75.88
94.14
61.9
70.67
96.75
71.19
98.09
64.48
87.46
76.03
69.48
87.63
68.45
68.03
81.68
97.45
76.9
95.21
96.41
96.16
74.48
65.86
81.21
90.68
70.17
83.27
68.77
83.74
85.58
95.52
70.69
50.34
98.2
98.14
91.69
68.45
89.25
97
72.76
97.58
96.94
89.98
63.95
93.75
68.62
79.66
62.41
74.31
94.68
76.72
99.26
76.21
57.76
94.67
92.97
96.4
96.04
69.89
60.69
81.38
74.31
98.51
80
80.52
96.04
90.06
64.66
97.07
85.56
77.07
94.98
92
96.18
76.03
90.23
91.78
86.22
96.87
92.54
96.67
99.26
95.17
90.91
88.31
95.16
94.23
95.3
61.21
94.29
64.48
85.5
81.9
94.89
88.2
76.9
82.69
84.83
69.98
75.17
96.89
95.18
85.52
95.06
76.21
94.23
93.98
71.72
64.97
98.24
92.45
90.76
91.51
93.78
98.14
97.8
95.89
98.76
97.19
96.79
73.33
80.52
97.69
73.28
95.94
92.94
76.38
64.48
91.82
80.17
81.03
69.31
96.73
95.54
94.61
96.18
70.86
73.45
97.57
95.11
70.69
91.94
70.86
91.92
80.57
92.43
99.26
95.54
78.79
71.55
55.76
56.38
93.07
79.31
80.52
95.23
62.7
85.08
80.34
86.99
81.78
92.06
87.67
84.75
90.25
94.8
87.33
96.65
76.03
70.17
81.38
82.9
87.05
53.79
71.9
76.19
56.55
96.27
94.66
95.64
94.39
95.55
96.87
92.68
55.52
75.61
79.8
75.58
74.12
85.52
96.17
75.75
96.12
97.44
97.11
78.93
96.35
65.86
98.26
76.55
93.17
93.44
51.72
93.44
73.2
69.48
73.79
84.83
93.68
98.37
97.49
78.97
96.92
83.93
88.57
97.77
88.88
78.45
98.88
97.06
96.28
90.55
94.39
95.61
72.73
98.05
83.79
97.47
91.15
96.51
84.45
91.97
93.68
94.09
68.28
90.85
50.34
97.06
75.17
81.8
81.15
92.65
92.17
95.33
98.02
99.07
66.21
73.1
69.31
75.86
69.31
94.82
67.59
76.21
81.21
72.41
71.72
81.03
88.85
78.6
86.25
94.88
95.23
70.17
75.86
95.53
63.97
62.93
75.34
77.93
77.74
83.79
90.25
69.31
96.54
82.19
84.48
91.08
85.88
52.66
66.3
82.07
92.01
86.48
91.23
55.17
88.16
83.99
67.24
88.02
96.6
81.03
81.78
86.95
93.68
56.03
81.87
73.1
92.45
99.26
54.47
58.44
99.26
86.92
93.64
93.02
58.97
88.41
92.61
97.63
80
81.58
96.21
95.66
86.82
93.58
75.86
90.86
97.4
91.94
97.09
53.26
59.48
81.21
89.2
93.89
97.96
79.87
89.1
98.88
77.24
89.65
85.74
74.98
90.33
88.96
94.56
93.02
79.48
77.46
83.79
99.15
63.28
96.21
97.03
96.17
97.25
78.62
65.17
94.96
94.05
93.74
91.84
94.24
94.05
95.57
94.52
97.4
93.16
86.43
85.05
57.93
95.01
50.86
95.7
91.49
79.31
95.39
64.66
71.9
55.02
91.63
91.69
80.34
94.87
76.13
92.47
92.88
98.88
71.03
97.89
66.55
84.63
90.22
91.6
96.69
78.58
95.91
97.11
69.31
98.03
93.41
73.45
99.07
69.66
76.02
89.07
91.89
74.14
96.63
93.45
68.79
91.73
94.42
86.37
93.73
63.28
85.73
78.28
97.38
85.53
90.33
93.23
97.39
90.49
83.31
91.9
75.86
72.07
85.89
91.03
97.51
98.51
71.38
76.38
96.31
95.28
96.53
73.62
56.38
91.54
64.66
87.56
97.23
89.15
86.62
82.76
96.6
92.37
94.41
88.37
95.75
75.86
97.4
92.54
95.26
93.31
95.14
92.66
97.38
98.14
91.45
98.56
97.8
95.62
69.31
96.1
88.8
96.59
63.79
89.78
88.87
89.15
94.01
55.33
68.45
71
98.26
96.78
89.57
76.21
79.14
95.93
94.94
62.59
89.69
98.14
83.1
71.03
98.38
90.14
86.29
59.48
79.91
95.13
94.48
82.07
76.21
68.28
94.45
59.07
98.25
73.26
71.9
86.58
83.09
94.21
77.76
97.86
96.89
66.72
81.03
76.58
84.8
72.24
81.41
92.91
94.36
91.08
78.26
74.48
63.52
96.5
83.79
95.21
97.77
87.43
96.19
99.14
95.08
89.75
68.64
94.03
79.66
76.33
98.37
62.07
91.54
83.32
97.15
78.79
95.8
80.52
76.55
95.99
94.25
70.17
90.52
97.85
82.24
72.76
77.24
74.48
77.93
75.17
93.02
66.55
71.55
87.68
99.26
94.88
84.48
79.71
71.72
96.75
96.13
82.33
83.79
63.28
76.55
79.06
94.06
96.89
75
65.86
95.04
98.72
93.82
91.54
76.14
68.43
95.44
66.55
99.26
95.94
97.77
89.65
90.19
83.79
69.83
97.14
98.7
88.25
85.04
59.83
98.57
91.92
54.75
70
72.59
72.41
94.08
77.76
87.46
85.52
93.09
86.72
98.95
80.34
98.46
93.63
88.68
72.76
73.28
97.97
64.14
71.85
65.86
92.46
75.86
95.93
81.21
96.69
98.04
71.38
89.75
64.14
97.36
91.54
74.64
79.66
92.72
75.17
61.49
78.28
94.66
60.17
84.75
97.4
98.2
51.72
81.87
93.85
82.24
56.9
88.07
75
81.19
81.03
62.07
98.66
95.5
92.18
98.98
66.38
96.22
74.39
96.77
76.43
86.98
73.1
95.33
76.21
94.87
91.76
91.82
67.24
85.04
86.15
92.36
91.81
58.62
86.92
88.31
92.84
97.58
97.14
82.53
90.9
98.1
54.25
89.22
93.81
93.96
87.27
60.34
62.41
89.05
97.77
86.01
93.05
98.51
94.72
68.45
79.31
57.24
74.83
96.38
96.43
95.84
97.03
77.67
97.67
60.69
79.31
96.53
95.51
65.52
69.66
92.25
98.88
91.86
80.17
82.07
68.79
74.48
97.27
80.26
89.9
52.3
98.76
77.35
83.1
85.55
92.74
69.31
90.81
64.45
93.76
76.21
51.72
92.42
78.18
86.92
65.52
98.36
59.48
76.38
73.52
86.99
97.7
62.76
94.66
95.62
95.52
72.59
97.93
91
89.71
95.11
95.15
61.99
77.75
92.38
96.95
99.23
98.88
66.38
76.9
81.78
74.66
98.04
97.34
96.37
64.29
69.83
90.77
96.13
81.93
94.42
80.42
77.93
92.87
50.34
97.8
67.59
94.82
60.52
60.66
97.96
73.79
86.38
91.99
70.17
84.76
58.62
97.38
98.49
72.76
76.21
65.69
98.81
92.19
75.95
77.93
95.54
64.14
69.12
95.35
82.73
96.65
85.35
97.48
74.14
84.5
97.77
79.23
97.29
96.42
87.3
79.66
65.86
72.76
88.37
87.44
74.83
95.71
67.24
70.44
94.89
99.15
96.43
92.19
96.96
71.91
94.87
77.32
76.95
97.96
85.1
76.21
96.34
84.83
96.2
86.6
84.6
68.28
96.65
91.08
77.36
97.4
50.34
93.84
96.98
72.76
97.44
76.55
97.34
94.43
99
91.29
88.74
88.23
78.62
95.44
94.61
56.38
74.75
96.16
64.48
76.89
97.48
97.01
94.05
94.25
82.93
92.07
98.81
88.97
73.1
97.8
94.05
91.8
94.05
92.77
89.16
94.19
92.94
96.92
69.83
76.02
95.54
74.66
77.07
97.64
77.9
88.97
77.07
86.36
97.77
94.05
73.44
98.88
94.67
89.24
92.09
95.54
55.17
92.24
90.12
93.53
51.72
75.17
92.93
52.42
81.03
76.97
96.61
97.75
69.59
99.26
81.38
94.26
76.9
95.23
67.8
97.21
95.88
92.17
80.52
79.82
94.9
98.88
97.16
98.51
94.26
63.79
99.26
59.76
67.24
95.17
68.45
83.19
70.69
80
98.8
93.68
92.12
88.94
98.18
92.13
77.32
89.71
61.55
96.53
96.6
59.66
94.26
93.86
52.59
93.53
59.66
63.28
74.29
94.15
73.62
96.63
70
64.66
73.62
72.24
94.5
57.24
84
91.03
97.03
85.69
90.43
50.34
67.93
76.21
95.73
74.31
89.56
74.37
86.17
79.14
87.61
97.89
76.55
93.26
97.38
76.03
74.83
69.98
71.9
96.54
96.65
96.17
98.87
83.8
70.86
96.97
77.87
96.93
89.24
92.04
93.68
96.67
87.26
75.34
92.57
74.48
84.83
97.23
75.42
93.72
87.44
85.33
67.4
64.66
83.27
82.62
89.52
72.93
96.94
80.06
59.83
94.61
76.72
97.4
97.36
79.78
96.99
96.67
97.08
98.88
90.34
89.22
82.76
72.59
94.4
76.57
90.74
79.31
80.69
94.58
98.88
72.76
65
65.39
98.23
86.3
96.22
73.62
87.28
72.41
56.38
97.83
96.37
91.14
93.19
94.13
82.4
91.9
96.98
93.23
99.26
89.7
68.28
58.79
91.74
72.48
80.83
58.69
76.15
69.31
72.98
58.62
95.44
96.28
92.14
66.86
74.48
84.69
91.43
51.72
71.72
88.14
94.05
95.34
97.03
66.38
91.71
73.79
90.36
76.72
84.19
90.56
95.53
81.03
66.21
92.22
73.28
66.54
87.37
90.65
98.66
82.85
96.65
67.4
72.41
68.97
92.16
76.55
79.2
85.95
87.66
95.19
79.66
97.4
98.85
90.35
72.76
96.11
92.19
95.42
72.41
71.03
90.05
70.93
78.82
87.67
92.55
95.93
72.41
92.82
76.02
90.04
91.5
92.04
77.93
91.26
61.34
99.26
76.9
98.77
79.66
97.91
82.24
79.66
71.55
78.97
89.42
97.89
75
95.23
62.93
63.79
96.84
96.58
79.96
85.84
94.5
91.02
92.31
96.35
75.52
66.55
97.38
83.04
97.65
64.14
96.84
89.96
81.81
97.05
63.28
91.45
98.49
71.12
85.02
92.64
77.07
89.22
96.44
85.81
94.78
79.66
84.62
95.31
92.95
68.97
94.89
71.03
94.67
58.97
84.81
80.34
94.47
95.11
64.66
62.93
80.46
97.18
75.17
75.17
88.81
63.09
96.31
92.01
72.59
90.8
94.56
90.99
95.61
97.38
97.42
94.13
72.43
97.38
80.34
89.8
58.61
61.21
59.83
89.39
86.62
80.52
61.55
86.25
68.45
68.97
88.1
97.1
98.14
94.44
60.69
97.14
97.09
87.16
73.1
72.55
69.31
92.43
71.54
95.3
76.9
97.41
96.65
63.95
96
78.79
80.6
56.82
63.79
97.58
86.37
87.99
90.26
76.9
91.4
88.34
95.08
57.76
98.53
79.66
99.26
90.19
78.62
98.88
76.21
75.86
62.24
96.83
70.69
85.93
77.59
68.79
94.02
92.75
87.74
83.21
53.79
98.47
93.3
82.8
74.48
94.86
91.63
89.28
83.69
72.41
94.81
97.34
96.85
75.99
76.21
74.65
99.03
93.06
95.82
82.72
61.55
96.88
98.88
74.14
92.92
81.38
79.48
92.32
99.26
85.65
97.5
93.6
79.66
82.07
87.84
71.85
79.66
90.24
65.3
98.88
97.03
76.55
65.52
96.1
66.38
74.63
97.45
82.24
95.73
82.24
69.48
97.68
60.39
77.93
69.62
77.59
90.01
92.34
97.73
77.93
95.42
69.16
53.28
97.19
68.28
65.86
90.1
95.37
72.76
91.64
66.54
97.85
95.86
76.55
95.75
97.06
86.08
94.05
93.03
74.48
99.26
74.65
95.16
89.97
89.18
69.31
79.66
87.69
60.34
72.76
60.32
88.27
96.39
80.69
86.14
95.95
92.2
85.62
90
90.82
73.42
74.48
95.3
95.82
75
90.93
64.14
61.21
98.51
63.28
95.17
54.31
87.49
77.93
96.23
90.76
89.09
95.58
72.41
66.21
66.09
67.04
93.77
87.27
60.34
65.52
90.66
63.79
78.62
93.39
98.06
95.74
95.34
63.43
62.07
92.82
81.97
81.81
70.61
67.59
91.64
53.61
93.84
91.33
65.69
92.7
92.9
89.59
86.84
88.93
98.51
66.38
68.03
95.27
72.07
98.88
95.99
76.12
88.43
95.73
93.68
82.15
77.49
95.57
70.64
90.61
95.81
86.2
82.76
94.06
78.09
78.14
92.27
71.72
67.24
94.25
82.24
76.03
80.48
65.86
74.29
73.43
98.42
93.4
63.95
63.28
94.58
81.38
95.75
92.66
84.51
61.03
97.55
87.71
87
74.48
96.29
70.36
62.07
95.08
94.42
69.31
90.6
90.49
81.03
79.66
97.76
96.72
98.88
84.39
96.11
89.26
63.97
96.65
73.28
64.14
93.98
72.24
87.18
79.86
71.72
93.31
93.95
64.14
95.68
89.53
56.59
92.58
96.18
86.88
92.91
98.19
94.8
97.95
95.96
76.55
67.59
74.48
75.34
91.76
52.76
93.7
80.35
96.75
84.13
96.16
92.96
68.4
78.99
93.95
96.72
73.62
97.65
77.93
86.82
95.92
96.49
98.35
95.62
90.74
74.35
97.21
71.72
89.35
80
96.32
78.33
78.62
72.5
77.93
95.78
88.12
55.17
76.37
92.02
68.1
59.23
62.93
87.34
97.92
94.55
76.19
94.04
88.07
98.67
78.62
97.23
95.65
82.76
81.6
50.31
97.12
95.31
98.51
53.09
96.16
89.32
98.16
85.86
66.72
96.62
93.31
77.2
98.48
96.65
95.54
72.07
68.45
98.64
87.76
89.72
76.86
87.34
95.76
94.78
92.84
94.29
96.42
94.54
56.2
90.64
98.19
83.1
91.78
74.14
95.49
83.38
92.75
68.43
72.73
98.3
98.88
65.86
58.28
60.34
81.9
69.14
57.24
85.31
92.05
74.31
63.7
55.52
77.76
92.19
67.59
97.27
79.66
93.3
97.41
80.34
86.75
97.7
95.61
89.1
98.51
97.07
82.16
76.95
78.2
87.34
90.49
85.34
88.86
96.55
83.67
96.44
59.48
68.62
95.33
65.79
73.62
63.09
97.49
73.1
96.24
56.9
60.17
75
82.17
96.26
77.8
94.11
85.76
77.07
76.39
67.59
72.52
94.03
92.86
96.34
96.01
76.9
57.93
83.79
75.17
97.27
57.24
84.66
74.56
85.96
98.4
97.25
96.63
83.1
96.86
85.77
97.51
61.9
64.48
84.19
91.33
65.69
85.86
81.41
92.84
94.27
97.21
74.48
76.72
95.8
90.83
67.59
65.69
88.28
97.96
94.93
74.31
95.81
93.19
81.09
64.31
69.89
88.48
90.09
64.66
70.41
87.06
79.55
95.12
96.79
74.31
84.22
84.83
90.72
93.68
92.41
95.75
93.79
86.44
98.8
61.03
72.07
96.82
82.16
77.93
98.88
96.43
92.09
96.1
79.66
59.31
88.04
94.71
60.34
84.23
92.59
95.35
87.02
91.67
98.37
90.12
71.03
80.67
65.67
75.05
95.09
96.44
95.54
98.49
97.74
57.07
81.67
89.59
98.88
93.63
92.19
69.31
96.15
84.45
79.31
94.38
89.86
76.9
89.05
92.08
64.14
64.66
83.94
53.79
93.8
85.23
81.14
77.93
91.22
93.49
51.72
96.74
67.93
65.52
98.51
93.16
76.21
63.01
85.35
91.07
88.12
96.65
86.94
78.42
93.17
93.65
97.89
95.54
99.26
96.05
86.23
97.82
91.9
96.16
69.14
94
98.68
90.77
82.76
79.66
95.99
95
97.46
99.26
74.83
71.55
87.91
90.18
94.77
91.01
62.41
97.37
71.55
78.45
52.59
68.28
98.49
67.24
91.21
89.68
81.33
95.25
97.76
75.52
91.15
85.49
81.03
81.38
93.86
94.46
98.22
97.08
83.5
63.79
79.48
87.58
93.03
92.68
81.63
83.1
90.58
96.43
74.13
89.44
86.99
68.97
93.96
70.34
71.03
65.86
92.75
98.28
81.38
62.38
75
84.84
98.96
57.5
97.95
97.77
98.3
89.59
51.21
96.11
96.4
94.15
89.18
82.4
97.03
72.57
93.87
83.79
68.28
79.06
96.95
93.78
99.26
95.72
97.48
97.96
62.24
98.14
94.35
97.49
97.08
97.43
92.53
65.52
86.57
93.25
93.08
83.79
97.31
86.33
98.88
97.4
97.04
82.81
93.63
83.35
82.91
72.76
94.93
81.32
87.34
75.52
95.65
75.17
95.79
64.14
94.33
96.39
66.55
69.83
88.44
94.55
94.85
96.67
95.09
97.02
76.59
79.12
61
60.34
74.03
91.69
83.9
95.97
61.21
66.8
68.15
77.76
98.3
88.54
77.43
94.39
91.66
67.59
86.11
63.45
97.4
97.12
67.93
76.21
87.61
55.17
65.86
81.86
88.77
85.5
65
85.87
92.55
78.41
91.62
94.24
97.89
63.43
73.62
76.08
74.48
98.51
98.7
97.2
95.21
79.66
82.88
97.37
73.1
97.8
90.54
86.9
91.2
94.19
83.62
88.32
92.91
96.39
73.1
87.92
95.62
83.01
84.01
89.07
64.48
96.25
97.86
71.38
81.03
66.21
94.63
95.79
83.97
80.66
87.94
79.67
98.88
98.76
95.57
70.33
90.15
97.51
98.25
94.48
85.52
70.01
72.59
85.5
81.97
81.03
96.41
92.27
63.97
82.07
94.21
97.33
65
95.72
98.24
56.3
94.82
88.02
97.77
52.76
77.07
83.1
63.95
93.04
86.06
97.76
73.45
94.16
75.17
62.93
84.83
98.51
66.55
74.21
79.97
68.45
91.72
62.41
96.48
95.24
87.16
67.59
80.78
88.2
95.02
94.05
54.31
88.5
97.23
96.38
85.5
96.32
96.03
84.95
80.3
85.83
74.14
94.18
98.02
96.82
94.03
79.66
77.24
90.93
94.28
56.38
92.73
98.88
83.58
98.13
53.79
58.1
87.04
93.24
96.19
92.89
68.97
96.28
69.31
92.97
67.24
75
93.31
96.93
88.29
95.05
84.8
88.03
95.23
92.37
98.14
83.49
68.1
80.15
80.63
77.59
94.98
98.49
79.94
74.14
85.89
94.23
87.2
93.26
91.79
74.14
76.9
66.88
98.88
74.31
64.14
89.59
94.94
67.59
71.03
97.1
56.73
93.84
85.34
94.58
87.84
90.28
73.45
76.21
96.34
96.31
94.25
94.24
87.69
73.43
97.29
98.88
93.63
97.44
89.56
96.89
94.77
93.99
76.03
76.02
73.28
97.4
72.41
76.38
85.39
93.41
50.86
69.66
90.04
69.31
96.32
88.48
94.74
95.95
62.93
66.55
76.87
74.14
94.23
89.37
61.93
67.59
96.41
90.85
95.39
83.75
71.72
58.71
84.69
81.38
59.81
91
84.96
95.15
97.05
93.52
93.42
91.08
64.76
78.81
86.68
97.1
88.32
80.84
87.76
58.62
97.65
84.04
97.91
97.84
99.26
84.73
98.26
95.23
65.34
75.63
98.76
67.7
96.28
95.7
99.03
97.42
80.34
76.55
76.03
93.83
85.49
97.77
68.97
79.48
97.73
76.9
85.49
72.76
97.95
81.67
77.24
90.83
97.24
90.32
77.93
70.34
97.18
69.66
96.27
86.32
88.74
91.95
70.52
71.38
77.41
77.35
96.89
68.45
89.83
85.99
82.15
96.53
90.9
76.9
94.86
95.36
95.64
96.41
81.49
76.9
58.79
84.3
98.51
96.41
93.98
71.9
71.03
91.82
79.13
73.45
91.82
68.97
95.91
96.48
56.55
84.3
83.3
54.09
84.01
88.64
98.35
98.51
64.14
96.9
90.55
95.04
97.31
63.79
88.35
70.17
92.77
67.96
95.84
70.33
79.52
96.89
71.55
96.49
85.54
91.87
95.89
98.51
68.1
86.67
73.97
79.31
62.24
95.86
96.65
76.21
93.31
92.19
77.91
90.97
94.07
98.14
93.38
91.67
70
93.15
91.23
95.49
98.57
93.42
75
97.86
96.67
98.14
59.66
75.24
95.91
99.26
64.83
98.7
73.83
81.54
97.13
84.07
93.85
71.3
97.45
95.14
97.22
94.18
67.24
94.15
93.1
90.5
73.45
81.38
96.34
76.44
94.03
62.18
94.72
97.03
73.62
88.33
63.1
71.03
66.88
88.8
75.93
97.25
91.31
97.74
95.5
96.34
81.61
84.51
69.31
97.95
93.16
97.27
69.31
87.66
93.27
60.34
59.83
66.42
73.94
85.22
96.01
60.69
92.6
84.08
92.38
57.76
78.79
77.07
52.59
65
75.86
95.12
87.44
87.89
65.29
89.57
93.66
96.48
70.17
80.34
61.03
97.39
89.3
81.38
97.72
86.24
91.27
87.93
74.14
90.73
60.52
67.24
95.27
72.93
78.62
96.28
83.65
91.89
89.28
96.84
93.54
76.72
96.15
67.59
95.66
63.31
77.75
53.79
94.21
94.04
73.62
53.71
97.53
78.62
77.76
81.38
86.8
94.91
95.1
93.62
57.24
69.14
93.45
96.71
82.16
97.6
77.92
89.73
80.34
98.27
93.7
96.6
81.35
76.21
97.75
73.28
94.29
75.11
86.27
67.19
94.32
86.9
80.34
98.57
97.26
83.1
77.24
90.36
94.13
92.43
99.07
99.26
74.14
98.51
91.68
98.5
89.4
72.79
77.59
73.62
94.54
94.05
96.38
79.66
77.93
80.34
59.03
71.21
74.83
78.13
91.04
80.34
83.79
96.65
69.53
95.89
63.79
99.07
60.5
91.03
74.14
81.76
97.34
77.84
71.72
95.4
93.12
97.4
78.62
96.13
77.76
78.79
91.01
71.72
91.8
97.06
91.11
94.17
81.38
98.88
60.69
89.75
92.79
88.96
61.03
83.94
91.48
75.88
64.66
88.45
74.31
91.41
93.2
73.03
97.01
58.05
90.01
81.95
78.81
89.27
79.66
86.46
77.93
95.65
92.57
77.96
84.96
76.67
96.77
94.41
96.32
71.9
94.33
75.97
92.44
97.92
85.5
89.22
93.17
64.83
77.24
79.47
95.3
93.86
70.69
92.1
76.03
95.71
94.81
91.36
61.46
72.76
94.32
74.47
68.79
97.46
76.21
87.16
76.02
88.29
58.62
95.4
61.21
95.78
85.61
56.48
94.66
97.53
61.55
92.46
97.01
92.28
78.62
93.76
63.94
96.53
96.78
96.57
96.45
88.8
67.09
82.04
96.98
98.06
67.59
58.62
96.71
82.05
88.81
93.23
73.79
78.62
98.45
89.64
92.61
98.93
86.39
84.22
63.79
97.73
55.52
83.54
92.53
75.86
99.26
87.36
58.62
92.44
73.45
92.71
70.17
87.98
59.31
97.08
87.63
81.03
95.79
93.82
91.1
91.52
69.31
76.55
87.09
95.2
78.39
63.79
67.74
90.22
71.71
92.89
81.03
94.16
85.4
98.51
78.46
93.43
92.04
96.74
91.58
66.72
98.14
88.21
97.4
96.01
88.69
56.38
70.17
82.24
87.51
93.47
63.28
80.69
51.72
84.85
60.91
88.24
64.58
53.45
81.39
85.52
70.34
84.45
85.13
98.14
76.21
98.36
73.45
92.6
69.31
59.83
71.38
71.9
81.46
93.03
77.97
94.57
66.38
94.47
66.17
78.62
93.07
84.38
95.22
76.03
63.15
99.26
88.1
88.73
96.94
94.2
90.82
75.5
92.57
97.38
75.34
70.69
91.17
76.44
97.31
87.72
82.01
98.88
81.38
83.46
74.48
82.76
93.92
87.64
96.11
97.4
94.44
78.28
95.93
96.88
65.86
68.97
96.53
88.14
95.15
98.88
76.72
96.82
87.83
84.86
96.71
75.86
69.83
77.07
85.11
93.7
78.97
98.74
74.14
97.58
77.01
91.72
69.14
96.01
97.49
78.62
93.36
75
81.38
91.75
74.48
91.48
79.47
92.04
90.1
77.48
69.66
97.86
93.98
93.16
90.16
87.48
95.48
66.11
62.76
74.14
60.34
93.87
89.6
95.57
90.66
90.33
61.21
90.77
88.57
85.87
71.38
80.34
97.21
78.93
71.55
95.82
94.8
79.4
96.62
96.65
75.04
72.41
63.79
96.98
90.65
97.03
97.53
94.98
90.67
97.62
95.51
70.51
86.88
63.1
88.79
56.9
86.57
81.38
89.68
82.68
80.34
76.9
85.16
78.28
55.17
92.92
86.96
90.71
80.17
92.19
88.55
92.75
82.93
96.28
93.21
74.14
97.84
96.69
74.48
73.79
67.53
95.91
95.06
88.27
79.18
98.15
95.32
87.42
77.59
93.27
94.47
95.54
93.18
98.22
97.07
62.07
97.29
94.1
76.55
95.78
76.21
95.92
97.87
92.51
96.09
78.45
77.93
93.05
67.93
82.36
98.13
97.62
91.04
95.77
94.67
51.03
94.42
99.26
64.66
96.71
69.31
86.65
85.46
93.39
85.19
68.97
79.31
98.43
87.59
95.72
98.51
97.4
73.06
97.49
94.34
98.14
91.28
74.72
97.23
87.89
95.82
91.36
91.98
64.66
98.88
89.2
77.93
62.76
98.28
98.3
97.51
90.42
95.02
70
81.38
97.33
96.07
95.61
86.7
93.19
92.19
92.38
97.83
90.88
79.48
92.94
60.69
93.74
99.26
97.48
88.83
70
98
72.41
58.62
52.59
74.48
97.68
79.66
68.79
78.62
51.88
83.8
94.05
53.45
95.45
88.03
85.73
81.28
94.15
69.48
65.52
69.31
72.57
78.84
56.84
96.56
96.69
93.98
94.91
84.17
72.59
80.26
92.66
73.55
97.98
82.61
72.92
65.72
84.09
84.1
77.59
87.22
64.02
89.84
98.07
80.52
77.24
69.48
95.31
65.52
94.05
98.51
73.62
68.45
91.45
83.61
93.61
90.13
97.6
93.76
89.47
75.34
95.62
97.12
88.63
86.07
97.1
80.29
95.17
79.66
97.77
93.11
60
95.55
93.84
90.69
62.24
93.39
77.76
63.79
62.07
73.62
94.29
82.07
83.22
96.8
80.34
95.86
95.51
97.09
93.7
99.26
97.41
56.03
78.28
79.48
90.87
92.6
79.14
94.52
80.21
89.96
97.07
74.14
97.12
75.17
96.4
88.45
59.48
97.56
84.91
71.55
97.12
77.41
83.1
94.98
82.77
87.61
97.66
77.59
66.72
52.93
93.16
59.66
74.14
93.95
95.23
98.14
96.03
88.15
97.47
74.48
87.43
97.43
63.28
94.76
87.73
97.56
90.06
62.07
94.56
93.48
91.47
91.16
53.61
84.22
92.72
64.14
90.88
85.07
73.28
97.15
58.05
89.32
89.6
65.52
77.93
90.41
70.86
86.5
85.59
90.82
75.52
89.3
75.17
70.69
76.21
94.86
77.93
67.24
91.73
79.18
57.62
68.79
90.52
97.84
78.37
61.55
62.93
96.03
98.26
95.09
72.76
84.63
97.4
95.02
77.93
95.86
96
70.34
94.16
62.76
81.38
62.41
81.84
79.66
56.03
77.07
77.93
90.47
98.53
81.03
97.4
63.28
70.29
76.02
77.93
92.97
92.54
95.18
79.66
72.64
89.96
60.34
86.07
50.16
90.49
82.07
95.66
80.05
61.55
88.38
93.69
92.84
71.38
78.5
95.54
79.44
93.21
96.89
78.03
97.4
91.43
81.16
82.07
96.34
50.14
92.21
95.35
76.21
78.45
65.52
87.27
75
82.76
63.79
86.26
75.82
96.78
89.69
97.08
79.66
93.31
72.41
80.99
95.89
77.93
90.66
88.13
89.59
74.21
98.57
58.97
84.66
95.29
66.73
93.31
84.9
76.55
91.02
98.08
95.72
93.93
98.52
68.79
54.48
87.56
82.53
84.98
51.02
97.79
74.14
91.45
86.96
97.7
95.42
92.12
80.81
91.9
71.03
58.1
90.36
75.26
92.05
89.55
96.18
91.26
96.75
78.79
57.99
97.24
75
65.94
85.77
90.22
73.62
52.04
70.07
95.44
98.32
51.49
63.28
68.45
94.24
82.07
94.7
96.83
91.64
67.24
71.55
93
91.4
58.62
78.95
95.54
96.39
73.62
90.06
93.27
93.42
74.48
62.85
68.97
88.35
88.76
90.85
98.14
90.59
59.83
80.34
52.35
85.11
84.39
98.88
80.12
95.94
66.55
81.21
68.71
96.88
94.45
76.21
74.48
92.57
95.1
85.5
98.82
95.92
62.24
99.26
91.08
99.26
98.25
95.97
92.44
76.21
82.07
96.99
93.71
87.77
90.2
96.1
69.66
69.73
96.74
90.32
95.2
67.83
97.4
93.46
63.79
74.48
77.07
70.69
68.28
77.07
83.1
82.9
93.95
92.19
95.23
91.98
95.44
91.43
97.55
94.13
78.79
65
82.24
88.84
81.68
94.38
73.97
97.01
75.86
70.34
93.65
87.87
71.9
92.89
97.8
89.32
97.32
95.6
69.83
83.26
74.14
82.68
98.88
95.39
87.48
64.48
72.76
77.31
90.99
95.17
99.26
90.68
83.54
96.22
59.7
81.38
92.73
84.79
95.7
85.5
71.72
70
98.07
96.26
79.31
91.67
67.59
75.16
65.86
96.58
76.9
95.99
98.08
98.36
94.04
78.79
96.77
84.94
95.42
91.4
97.98
87.15
71.03
65
62.76
89.53
80.95
93.12
93.95
69.83
81.19
86.69
81.18
89.36
95.45
98.5
51.23
96.75
93.84
86.27
93.78
91.64
89.3
98.88
86.73
54.31
96.91
89.92
97.03
74.48
95.38
95.04
78.43
72
95.79
93.3
65.17
93.79
86.93
95.58
94.3
97.37
89.62
98.51
98.51
79.31
92.1
94.96
98.54
91.26
98.92
81.21
96.69
94.77
80.34
59.83
95.37
76.04
88.76
96.32
77.07
95.56
82.76
88.07
92.7
72.24
73.57
95.24
82.07
88.25
77.93
75.17
76.72
82.07
79.33
70.69
86.38
97.77
72.24
72.59
89.32
77.57
97.88
96.51
82.31
98.56
93.29
93.24
98.12
91.71
89.56
66.21
97.03
96.65
67.76
90.71
77.07
91.39
88.39
61.88
76.38
75
79.79
94.15
76.21
86
68.79
81.07
89.41
77.32
94.42
87.24
81.49
79.66
89.83
94.05
86.35
90.71
99.26
87.51
77.76
68.45
61.82
93.68
94.43
87.51
96.75
68.97
54.31
95.59
94.21
63.62
93.95
78.28
69.83
95.54
74.83
95.54
84.2
96.76
74.56
95.6
56.38
97.77
97.17
81.03
69.14
96.84
94.15
99.26
78.62
97.56
94.63
74.48
98.05
82.16
86.86
95.39
88.64
88.85
96.07
75.26
69.44
96.19
72.59
97.62
72.54
91.87
95.94
76.21
78.79
75
94.46
63.79
96.65
91.87
89.96
82.22
78.28
74.48
93.46
87.73
93.68
96.83
74.14
96.71
92.1
98.88
95.35
98.5
81.38
83.88
67.24
61.96
84.09
95.86
70
93.79
71.72
82.29
98.5
71.9
72.61
70.63
98.14
99.26
97.75
96.82
76.79
92.19
91.2
93.4
71.72
89.91
77.59
63.09
97.76
99.26
85.98
97.03
77.11
74.14
93.04
90.71
97.35
50.67
71.38
96.38
66.56
76.21
94.61
94.16
93.09
96.65
64.05
95.2
87.58
94.86
93.52
96.69
94.1
89.3
97.56
74.48
79.91
74.48
85.42
90.39
67.07
94.15
72.76
96.62
86.12
93.95
82.3
74.48
89.18
88.26
96.47
99.26
76.03
89.05
68.45
94.17
68.1
69.14
97.72
95.56
97.84
94.95
99.03
72.59
88.94
92.65
78.62
98.88
75.53
95.52
75.52
91.52
82.59
75.52
72.76
72.59
99.26
75.69
94.44
86.62
79.64
72.93
77.07
91.49
86.73
80.52
97.24
90.59
93.33
75.86
98.14
64.88
80.93
77.35
92.73
86.62
75
93.69
86.13
97.49
93.79
77.93
91.51
93.27
64.66
97.77
82.53
65.52
98.14
91.95
71.38
82.59
79.66
85.47
97.52
98.27
65.17
97.77
98.14
81.04
97.12
95.92
74.48
96.47
95.62
97.65
94.63
97.47
82.07
89.62
82.21
88.34
94.05
95.05
94.8
77.93
98.43
86.29
67.83
65.86
91.9
62.07
90.65
64.14
94.46
95.61
84.85
86.09
96.46
94.45
98.51
72.97
93.69
66.03
96.37
71.9
99.26
93.07
92.97
72.88
96.24
87.43
98.06
82.3
87.35
98.03
96.01
77.07
70.17
95.04
90.24
96.36
51.88
94.61
96.86
85.34
59.83
91.52
92.96
98.04
73.76
60.34
96.1
94.96
98.51
94.91
71.03
97.03
81.9
97.35
76.21
96.34
94.88
75.17
62.07
85.37
96.35
77.59
91.73
92.32
90.81
77.71
63.28
85.87
79.31
82.77
84.64
86.14
98.37
99.26
73.28
71.72
69.31
61.84
91.1
77.04
96.29
69.66
69.31
75.52
62.93
96.07
95.19
96.53
97.13
97.48
96.73
84.01
97.65
94.14
76.72
98.27
91.15
85.03
73.45
79.44
77.76
91.65
94.18
95.64
66.71
89.39
93.65
71.9
95.45
67.24
83.63
53.45
94.98
84.52
64.14
77.07
62.93
83.06
97.86
76.21
75.17
74.7
90.78
97.76
95.2
82.29
91.16
65.86
68.72
90.15
79.14
81.02
85.25
98.05
79.44
82.18
97.44
70
96.28
52.93
95.27
82.07
72.41
96.48
85.97
60.52
95.24
64.83
98.05
74.52
63.64
90.29
66.54
91.74
95.11
87.72
78.79
92.68
85.28
51.72
83.27
94.25
77.93
66.72
84.48
95.46
79.54
97.57
63.1
99.02
85.3
96.17
94.82
78.62
80.34
94.99
86.29
81.82
80.34
94.24
71.55
91.11
89.96
73.1
96.75
61.32
96.85
71.54
71.9
60.69
97.96
73.62
76.55
58.74
80.34
93.22
99.16
71.55
73.1
95.37
89.06
92.48
96.16
86.41
89.45
91.46
98.6
87.67
83.88
86.66
79.14
93.68
89.49
95.61
85.21
81.03
62.41
94.56
75
97.32
62.07
83.1
92.37
80.86
72.1
74.31
73.62
95.01
89.72
96.16
74.83
97.34
82.9
83.53
74.48
94.61
76.55
59.48
96.38
79.31
89.87
72.41
67.24
97.12
72.07
98.87
84.96
95.87
92.08
76.03
99.03
89.83
92.13
87.62
74.48
61.55
65.52
88.43
53.45
73.45
92.24
95.62
50.34
61.55
86.99
96.83
95.4
67
96.56
80.71
86.55
80.75
51.72
97.77
65.52
54.66
81.31
96.84
81.88
96.75
56.38
77.07
90.04
90.2
96.12
81.39
87.02
53.62
97.4
94.42
94.03
94.51
62.07
79.79
63.79
71.38
90.57
92.14
77.59
62.49
56.73
95.88
62.09
93.23
96.73
97.77
89.59
79.66
96.2
95.12
75.52
74.83
98.4
81.81
96.57
96.14
64.4
92.15
78.67
91.43
96.44
93.71
95.22
96.34
95.22
93.58
70.17
80
92.63
90.98
63.69
67.24
96.96
51.03
98.51
94.09
87.31
97.21
96.12
76.49
96.71
81.38
90.72
72.07
93.98
86.71
94.36
69.31
63.45
90.72
63.79
78.62
98.22
68.45
77.93
64.11
90.25
57.59
87.91
74.48
68.45
92.4
69.31
77.93
89.89
79.29
76.52
95.89
67.76
78.14
97.06
91.45
92.94
84.14
92.77
96.06
71.38
80.81
93.62
95.45
66.72
91.04
95.45
96.01
67.59
77.76
74.15
87.88
93.23
61.38
59.83
75.52
71.03
74.31
96.79
72.41
82.52
61.03
98.14
97.12
67.59
72.59
75.86
81.86
71.03
69.66
94.33
95.54
78.45
93.02
92.65
94.82
64.66
93.76
97.58
80.39
96.22
78.51
71.87
94.8
90.41
57.59
97.96
83.51
87.64
97.31
97.33
95.19
97.2
73.62
63.79
71.9
55.69
97.79
95.09
93.4
68.05
93.42
94.72
84.71
70.86
79.66
67.71
98.35
89.27
67.46
98.72
96.89
93.32
95.38
69.98
94.44
97.6
65.86
95.62
71.72
82.97
87.26
88.95
87.26
94.44
66.38
82.98
66.09
78.96
96.99
74.31
60.34
94.59
85.41
91.36
74.97
82.09
89.45
90.47
77.93
90.72
94.66
96.74
95.12
79.66
97.09
96.21
98.51
84.97
91.74
88.92
82.93
72.41
98.88
86.99
91.06
67.24
88.05
83.1
94.77
97.38
68.45
97.05
78.45
91.7
90.6
79.74
84.3
98.88
89.09
94.7
98.65
80.67
94.49
75.95
61.34
93.56
83.79
93.32
98.41
73.28
56.26
67.64
96.12
71.72
84.83
98.88
61.45
62.24
94.04
74.14
81.16
84.44
77.59
60.69
98.14
88.55
95.07
93.93
88.43
89.88
56.03
72.76
95.34
78.24
96.65
80.34
92.79
97.13
78.1
88.43
57.4
79.66
85.99
90.07
88.22
96.13
95.7
93.01
92.31
86.05
99.26
85.34
98.52
61.48
96.11
97.08
79.31
91.22
80
92
96.44
91.3
70
97.4
97.47
94.17
90.83
92.38
99.26
60.04
94.64
95.81
77.32
97.71
98.51
64.14
91.09
96.34
93.42
81.38
92.15
86.08
97.39
61.38
50.86
60.34
83.92
81.38
75.52
92.68
81.52
69.58
97.34
98.51
95.18
96.31
89.05
94.08
78.9
77.45
81.03
73.9
96.18
98.76
79.55
77.59
98.72
91.9
84.6
64.14
96.03
70.17
78.97
80.16
93.31
94.83
81.38
60.69
95.17
92.66
94.98
97.54
96.97
96.35
82.9
95.63
78.28
95.3
96.08
96.71
97
82.76
93.69
94.7
58.62
58.62
86.06
98.88
81.9
98.51
90.33
80.25
96.71
90.86
83.1
97.16
53.79
76.28
94.98
96.67
93.01
69.31
97.34
88.48
96.91
81.95
96.28
87.52
95.67
59.66
81.03
91.75
95.67
84.9
95.63
61.9
90.52
57.44
77.76
54.31
72.76
75.34
80.34
96.5
79.31
96.96
95.58
72.29
74.14
78.24
80.52
94.83
88.26
94.75
67.41
93.22
80.08
94.4
95.16
96.91
74.72
63.1
87.55
97.69
77.32
60.3
97.99
70.9
88.16
95.49
95.17
91.34
90.71
68.62
81.65
97.22
92.47
73.33
97.11
66.38
90.78
98.51
